
.. DO NOT EDIT.
.. THIS FILE WAS AUTOMATICALLY GENERATED BY SPHINX-GALLERY.
.. TO MAKE CHANGES, EDIT THE SOURCE PYTHON FILE:
.. "gallery/plot_DCF_fields.py"
.. LINE NUMBERS ARE GIVEN BELOW.

.. only:: html

    .. note::
        :class: sphx-glr-download-link-note

        :ref:`Go to the end <sphx_glr_download_gallery_plot_DCF_fields.py>`
        to download the full example code

.. rst-class:: sphx-glr-example-title

.. _sphx_glr_gallery_plot_DCF_fields.py:


Mode fields
===========

.. GENERATED FROM PYTHON SOURCE LINES 8-10

Imports
~~~~~~~

.. GENERATED FROM PYTHON SOURCE LINES 10-15

.. code-block:: python3

    from PyFiberModes import HE11
    from PyFiberModes.fiber import load_fiber
    from PyFiberModes.field import Field
    from MPSPlots.render2D import SceneList








.. GENERATED FROM PYTHON SOURCE LINES 16-19

Loading the double clad fiber [DCF]
~~~~~~~~~~~~~~~~~~~~~~~~~~~~~~~~~~~
Here we load a fiber from MPSTools library and define the wavelength

.. GENERATED FROM PYTHON SOURCE LINES 19-21

.. code-block:: python3

    fiber = load_fiber(fiber_name='DCF1300S_20', wavelength=1310e-9)








.. GENERATED FROM PYTHON SOURCE LINES 22-23

Preparing the figure

.. GENERATED FROM PYTHON SOURCE LINES 23-42

.. code-block:: python3

    figure = SceneList(
        title='Mode fields for vectorial mode if x-direction',
        unit_size=(4, 4),
        ax_orientation='horizontal'
    )

    field = Field(
        fiber=fiber,
        mode=HE11,
        limit=10e-6,
        n_point=50
    )


    figure = field.plot(plot_type=['Ex', 'Ey', 'Ez', 'Er', 'Ephi'])

    figure.show()

    # -



.. image-sg:: /gallery/images/sphx_glr_plot_DCF_fields_001.png
   :alt: , Ex, Ey, Ez, Er, Ephi
   :srcset: /gallery/images/sphx_glr_plot_DCF_fields_001.png
   :class: sphx-glr-single-img


.. rst-class:: sphx-glr-script-out

 .. code-block:: none


    SceneList(unit_size=(4, 4), tight_layout=True, transparent_background=False, title='', padding=1.0, axis_list=[Axis(row=0, col=0, x_label=None, y_label=None, title='Ex', show_grid=True, show_legend=False, legend_position='best', x_scale='linear', y_scale='linear', x_limits=None, y_limits=None, equal_limits=False, projection=None, font_size=16, tick_size=14, y_tick_position='left', x_tick_position='bottom', show_ticks=True, show_colorbar=True, legend_font_size=14, line_width=None, line_style=None, x_scale_factor=None, y_scale_factor=None, aspect_ratio='equal', _artist_list=[Mesh(scalar=array([[0.02443165, 0.03015625, 0.03705836, ..., 0.03705836, 0.03015625,
            0.02443165],
           [0.03014814, 0.03738516, 0.04616012, ..., 0.04616012, 0.03738516,
            0.03014814],
           [0.03703794, 0.04614705, 0.05725605, ..., 0.05725605, 0.04614705,
            0.03703794],
           ...,
           [0.03703794, 0.04614705, 0.05725605, ..., 0.05725605, 0.04614705,
            0.03703794],
           [0.03014814, 0.03738516, 0.04616012, ..., 0.04616012, 0.03738516,
            0.03014814],
           [0.02443165, 0.03015625, 0.03705836, ..., 0.03705836, 0.03015625,
            0.02443165]]), x=array([ 0,  1,  2,  3,  4,  5,  6,  7,  8,  9, 10, 11, 12, 13, 14, 15, 16,
           17, 18, 19, 20, 21, 22, 23, 24, 25, 26, 27, 28, 29, 30, 31, 32, 33,
           34, 35, 36, 37, 38, 39, 40, 41, 42, 43, 44, 45, 46, 47, 48, 49]), y=array([ 0,  1,  2,  3,  4,  5,  6,  7,  8,  9, 10, 11, 12, 13, 14, 15, 16,
           17, 18, 19, 20, 21, 22, 23, 24, 25, 26, 27, 28, 29, 30, 31, 32, 33,
           34, 35, 36, 37, 38, 39, 40, 41, 42, 43, 44, 45, 46, 47, 48, 49]), x_scale_factor=1, y_scale_factor=1, layer_position=1, mappable=<matplotlib.collections.QuadMesh object at 0x17e748ed0>), Mesh(scalar=array([[0.02443165, 0.03015625, 0.03705836, ..., 0.03705836, 0.03015625,
            0.02443165],
           [0.03014814, 0.03738516, 0.04616012, ..., 0.04616012, 0.03738516,
            0.03014814],
           [0.03703794, 0.04614705, 0.05725605, ..., 0.05725605, 0.04614705,
            0.03703794],
           ...,
           [0.03703794, 0.04614705, 0.05725605, ..., 0.05725605, 0.04614705,
            0.03703794],
           [0.03014814, 0.03738516, 0.04616012, ..., 0.04616012, 0.03738516,
            0.03014814],
           [0.02443165, 0.03015625, 0.03705836, ..., 0.03705836, 0.03015625,
            0.02443165]]), x=array([ 0,  1,  2,  3,  4,  5,  6,  7,  8,  9, 10, 11, 12, 13, 14, 15, 16,
           17, 18, 19, 20, 21, 22, 23, 24, 25, 26, 27, 28, 29, 30, 31, 32, 33,
           34, 35, 36, 37, 38, 39, 40, 41, 42, 43, 44, 45, 46, 47, 48, 49]), y=array([ 0,  1,  2,  3,  4,  5,  6,  7,  8,  9, 10, 11, 12, 13, 14, 15, 16,
           17, 18, 19, 20, 21, 22, 23, 24, 25, 26, 27, 28, 29, 30, 31, 32, 33,
           34, 35, 36, 37, 38, 39, 40, 41, 42, 43, 44, 45, 46, 47, 48, 49]), x_scale_factor=1, y_scale_factor=1, layer_position=1, mappable=<matplotlib.collections.QuadMesh object at 0x17e748ed0>)], mpl_ax=<Axes: title={'center': 'Ex'}>, colorbar=Colorbar(artist=Mesh(scalar=array([[0.02443165, 0.03015625, 0.03705836, ..., 0.03705836, 0.03015625,
            0.02443165],
           [0.03014814, 0.03738516, 0.04616012, ..., 0.04616012, 0.03738516,
            0.03014814],
           [0.03703794, 0.04614705, 0.05725605, ..., 0.05725605, 0.04614705,
            0.03703794],
           ...,
           [0.03703794, 0.04614705, 0.05725605, ..., 0.05725605, 0.04614705,
            0.03703794],
           [0.03014814, 0.03738516, 0.04616012, ..., 0.04616012, 0.03738516,
            0.03014814],
           [0.02443165, 0.03015625, 0.03705836, ..., 0.03705836, 0.03015625,
            0.02443165]]), x=array([ 0,  1,  2,  3,  4,  5,  6,  7,  8,  9, 10, 11, 12, 13, 14, 15, 16,
           17, 18, 19, 20, 21, 22, 23, 24, 25, 26, 27, 28, 29, 30, 31, 32, 33,
           34, 35, 36, 37, 38, 39, 40, 41, 42, 43, 44, 45, 46, 47, 48, 49]), y=array([ 0,  1,  2,  3,  4,  5,  6,  7,  8,  9, 10, 11, 12, 13, 14, 15, 16,
           17, 18, 19, 20, 21, 22, 23, 24, 25, 26, 27, 28, 29, 30, 31, 32, 33,
           34, 35, 36, 37, 38, 39, 40, 41, 42, 43, 44, 45, 46, 47, 48, 49]), x_scale_factor=1, y_scale_factor=1, layer_position=1, mappable=<matplotlib.collections.QuadMesh object at 0x17e748ed0>), discreet=False, position='right', colormap=<matplotlib.colors.LinearSegmentedColormap object at 0x115c76bd0>, orientation='vertical', symmetric=True, log_norm=False, numeric_format=None, n_ticks=None, label_size=None, width='10%', padding=0.1, norm=<matplotlib.colors.CenteredNorm object at 0x17e0707d0>, label='', mappable=<matplotlib.cm.ScalarMappable object at 0x17dae1dd0>)), Axis(row=0, col=1, x_label=None, y_label=None, title='Ey', show_grid=True, show_legend=False, legend_position='best', x_scale='linear', y_scale='linear', x_limits=None, y_limits=None, equal_limits=False, projection=None, font_size=16, tick_size=14, y_tick_position='left', x_tick_position='bottom', show_ticks=True, show_colorbar=True, legend_font_size=14, line_width=None, line_style=None, x_scale_factor=None, y_scale_factor=None, aspect_ratio='equal', _artist_list=[Mesh(scalar=array([[ 7.86722351e-05,  9.73740476e-05,  1.19771884e-04, ...,
            -1.19771884e-04, -9.73740476e-05, -7.86722351e-05],
           [ 9.73740476e-05,  1.21320707e-04,  1.50244433e-04, ...,
            -1.50244433e-04, -1.21320707e-04, -9.73740476e-05],
           [ 1.19771884e-04,  1.50244433e-04,  1.87373238e-04, ...,
            -1.87373238e-04, -1.50244433e-04, -1.19771884e-04],
           ...,
           [-1.19771884e-04, -1.50244433e-04, -1.87373238e-04, ...,
             1.87373238e-04,  1.50244433e-04,  1.19771884e-04],
           [-9.73740476e-05, -1.21320707e-04, -1.50244433e-04, ...,
             1.50244433e-04,  1.21320707e-04,  9.73740476e-05],
           [-7.86722351e-05, -9.73740476e-05, -1.19771884e-04, ...,
             1.19771884e-04,  9.73740476e-05,  7.86722351e-05]]), x=array([ 0,  1,  2,  3,  4,  5,  6,  7,  8,  9, 10, 11, 12, 13, 14, 15, 16,
           17, 18, 19, 20, 21, 22, 23, 24, 25, 26, 27, 28, 29, 30, 31, 32, 33,
           34, 35, 36, 37, 38, 39, 40, 41, 42, 43, 44, 45, 46, 47, 48, 49]), y=array([ 0,  1,  2,  3,  4,  5,  6,  7,  8,  9, 10, 11, 12, 13, 14, 15, 16,
           17, 18, 19, 20, 21, 22, 23, 24, 25, 26, 27, 28, 29, 30, 31, 32, 33,
           34, 35, 36, 37, 38, 39, 40, 41, 42, 43, 44, 45, 46, 47, 48, 49]), x_scale_factor=1, y_scale_factor=1, layer_position=1, mappable=<matplotlib.collections.QuadMesh object at 0x17dcdf590>), Mesh(scalar=array([[ 7.86722351e-05,  9.73740476e-05,  1.19771884e-04, ...,
            -1.19771884e-04, -9.73740476e-05, -7.86722351e-05],
           [ 9.73740476e-05,  1.21320707e-04,  1.50244433e-04, ...,
            -1.50244433e-04, -1.21320707e-04, -9.73740476e-05],
           [ 1.19771884e-04,  1.50244433e-04,  1.87373238e-04, ...,
            -1.87373238e-04, -1.50244433e-04, -1.19771884e-04],
           ...,
           [-1.19771884e-04, -1.50244433e-04, -1.87373238e-04, ...,
             1.87373238e-04,  1.50244433e-04,  1.19771884e-04],
           [-9.73740476e-05, -1.21320707e-04, -1.50244433e-04, ...,
             1.50244433e-04,  1.21320707e-04,  9.73740476e-05],
           [-7.86722351e-05, -9.73740476e-05, -1.19771884e-04, ...,
             1.19771884e-04,  9.73740476e-05,  7.86722351e-05]]), x=array([ 0,  1,  2,  3,  4,  5,  6,  7,  8,  9, 10, 11, 12, 13, 14, 15, 16,
           17, 18, 19, 20, 21, 22, 23, 24, 25, 26, 27, 28, 29, 30, 31, 32, 33,
           34, 35, 36, 37, 38, 39, 40, 41, 42, 43, 44, 45, 46, 47, 48, 49]), y=array([ 0,  1,  2,  3,  4,  5,  6,  7,  8,  9, 10, 11, 12, 13, 14, 15, 16,
           17, 18, 19, 20, 21, 22, 23, 24, 25, 26, 27, 28, 29, 30, 31, 32, 33,
           34, 35, 36, 37, 38, 39, 40, 41, 42, 43, 44, 45, 46, 47, 48, 49]), x_scale_factor=1, y_scale_factor=1, layer_position=1, mappable=<matplotlib.collections.QuadMesh object at 0x17dcdf590>)], mpl_ax=<Axes: title={'center': 'Ey'}>, colorbar=Colorbar(artist=Mesh(scalar=array([[ 7.86722351e-05,  9.73740476e-05,  1.19771884e-04, ...,
            -1.19771884e-04, -9.73740476e-05, -7.86722351e-05],
           [ 9.73740476e-05,  1.21320707e-04,  1.50244433e-04, ...,
            -1.50244433e-04, -1.21320707e-04, -9.73740476e-05],
           [ 1.19771884e-04,  1.50244433e-04,  1.87373238e-04, ...,
            -1.87373238e-04, -1.50244433e-04, -1.19771884e-04],
           ...,
           [-1.19771884e-04, -1.50244433e-04, -1.87373238e-04, ...,
             1.87373238e-04,  1.50244433e-04,  1.19771884e-04],
           [-9.73740476e-05, -1.21320707e-04, -1.50244433e-04, ...,
             1.50244433e-04,  1.21320707e-04,  9.73740476e-05],
           [-7.86722351e-05, -9.73740476e-05, -1.19771884e-04, ...,
             1.19771884e-04,  9.73740476e-05,  7.86722351e-05]]), x=array([ 0,  1,  2,  3,  4,  5,  6,  7,  8,  9, 10, 11, 12, 13, 14, 15, 16,
           17, 18, 19, 20, 21, 22, 23, 24, 25, 26, 27, 28, 29, 30, 31, 32, 33,
           34, 35, 36, 37, 38, 39, 40, 41, 42, 43, 44, 45, 46, 47, 48, 49]), y=array([ 0,  1,  2,  3,  4,  5,  6,  7,  8,  9, 10, 11, 12, 13, 14, 15, 16,
           17, 18, 19, 20, 21, 22, 23, 24, 25, 26, 27, 28, 29, 30, 31, 32, 33,
           34, 35, 36, 37, 38, 39, 40, 41, 42, 43, 44, 45, 46, 47, 48, 49]), x_scale_factor=1, y_scale_factor=1, layer_position=1, mappable=<matplotlib.collections.QuadMesh object at 0x17dcdf590>), discreet=False, position='right', colormap=<matplotlib.colors.LinearSegmentedColormap object at 0x115c76bd0>, orientation='vertical', symmetric=True, log_norm=False, numeric_format=None, n_ticks=None, label_size=None, width='10%', padding=0.1, norm=<matplotlib.colors.CenteredNorm object at 0x17dde2210>, label='', mappable=<matplotlib.cm.ScalarMappable object at 0x17e071190>)), Axis(row=0, col=2, x_label=None, y_label=None, title='Ez', show_grid=True, show_legend=False, legend_position='best', x_scale='linear', y_scale='linear', x_limits=None, y_limits=None, equal_limits=False, projection=None, font_size=16, tick_size=14, y_tick_position='left', x_tick_position='bottom', show_ticks=True, show_colorbar=True, legend_font_size=14, line_width=None, line_style=None, x_scale_factor=None, y_scale_factor=None, aspect_ratio='equal', _artist_list=[Mesh(scalar=array([[-0.00182847, -0.00230529, -0.00289358, ..., -0.00289358,
            -0.00230529, -0.00182847],
           [-0.0022112 , -0.00280338, -0.00353891, ..., -0.00353891,
            -0.00280338, -0.0022112 ],
           [-0.00265737, -0.00338832, -0.00430251, ..., -0.00430251,
            -0.00338832, -0.00265737],
           ...,
           [ 0.00265737,  0.00338832,  0.00430251, ...,  0.00430251,
             0.00338832,  0.00265737],
           [ 0.0022112 ,  0.00280338,  0.00353891, ...,  0.00353891,
             0.00280338,  0.0022112 ],
           [ 0.00182847,  0.00230529,  0.00289358, ...,  0.00289358,
             0.00230529,  0.00182847]]), x=array([ 0,  1,  2,  3,  4,  5,  6,  7,  8,  9, 10, 11, 12, 13, 14, 15, 16,
           17, 18, 19, 20, 21, 22, 23, 24, 25, 26, 27, 28, 29, 30, 31, 32, 33,
           34, 35, 36, 37, 38, 39, 40, 41, 42, 43, 44, 45, 46, 47, 48, 49]), y=array([ 0,  1,  2,  3,  4,  5,  6,  7,  8,  9, 10, 11, 12, 13, 14, 15, 16,
           17, 18, 19, 20, 21, 22, 23, 24, 25, 26, 27, 28, 29, 30, 31, 32, 33,
           34, 35, 36, 37, 38, 39, 40, 41, 42, 43, 44, 45, 46, 47, 48, 49]), x_scale_factor=1, y_scale_factor=1, layer_position=1, mappable=<matplotlib.collections.QuadMesh object at 0x17e7e0550>), Mesh(scalar=array([[-0.00182847, -0.00230529, -0.00289358, ..., -0.00289358,
            -0.00230529, -0.00182847],
           [-0.0022112 , -0.00280338, -0.00353891, ..., -0.00353891,
            -0.00280338, -0.0022112 ],
           [-0.00265737, -0.00338832, -0.00430251, ..., -0.00430251,
            -0.00338832, -0.00265737],
           ...,
           [ 0.00265737,  0.00338832,  0.00430251, ...,  0.00430251,
             0.00338832,  0.00265737],
           [ 0.0022112 ,  0.00280338,  0.00353891, ...,  0.00353891,
             0.00280338,  0.0022112 ],
           [ 0.00182847,  0.00230529,  0.00289358, ...,  0.00289358,
             0.00230529,  0.00182847]]), x=array([ 0,  1,  2,  3,  4,  5,  6,  7,  8,  9, 10, 11, 12, 13, 14, 15, 16,
           17, 18, 19, 20, 21, 22, 23, 24, 25, 26, 27, 28, 29, 30, 31, 32, 33,
           34, 35, 36, 37, 38, 39, 40, 41, 42, 43, 44, 45, 46, 47, 48, 49]), y=array([ 0,  1,  2,  3,  4,  5,  6,  7,  8,  9, 10, 11, 12, 13, 14, 15, 16,
           17, 18, 19, 20, 21, 22, 23, 24, 25, 26, 27, 28, 29, 30, 31, 32, 33,
           34, 35, 36, 37, 38, 39, 40, 41, 42, 43, 44, 45, 46, 47, 48, 49]), x_scale_factor=1, y_scale_factor=1, layer_position=1, mappable=<matplotlib.collections.QuadMesh object at 0x17e7e0550>)], mpl_ax=<Axes: title={'center': 'Ez'}>, colorbar=Colorbar(artist=Mesh(scalar=array([[-0.00182847, -0.00230529, -0.00289358, ..., -0.00289358,
            -0.00230529, -0.00182847],
           [-0.0022112 , -0.00280338, -0.00353891, ..., -0.00353891,
            -0.00280338, -0.0022112 ],
           [-0.00265737, -0.00338832, -0.00430251, ..., -0.00430251,
            -0.00338832, -0.00265737],
           ...,
           [ 0.00265737,  0.00338832,  0.00430251, ...,  0.00430251,
             0.00338832,  0.00265737],
           [ 0.0022112 ,  0.00280338,  0.00353891, ...,  0.00353891,
             0.00280338,  0.0022112 ],
           [ 0.00182847,  0.00230529,  0.00289358, ...,  0.00289358,
             0.00230529,  0.00182847]]), x=array([ 0,  1,  2,  3,  4,  5,  6,  7,  8,  9, 10, 11, 12, 13, 14, 15, 16,
           17, 18, 19, 20, 21, 22, 23, 24, 25, 26, 27, 28, 29, 30, 31, 32, 33,
           34, 35, 36, 37, 38, 39, 40, 41, 42, 43, 44, 45, 46, 47, 48, 49]), y=array([ 0,  1,  2,  3,  4,  5,  6,  7,  8,  9, 10, 11, 12, 13, 14, 15, 16,
           17, 18, 19, 20, 21, 22, 23, 24, 25, 26, 27, 28, 29, 30, 31, 32, 33,
           34, 35, 36, 37, 38, 39, 40, 41, 42, 43, 44, 45, 46, 47, 48, 49]), x_scale_factor=1, y_scale_factor=1, layer_position=1, mappable=<matplotlib.collections.QuadMesh object at 0x17e7e0550>), discreet=False, position='right', colormap=<matplotlib.colors.LinearSegmentedColormap object at 0x115c76bd0>, orientation='vertical', symmetric=True, log_norm=False, numeric_format=None, n_ticks=None, label_size=None, width='10%', padding=0.1, norm=<matplotlib.colors.CenteredNorm object at 0x17e071850>, label='', mappable=<matplotlib.cm.ScalarMappable object at 0x17e072490>)), Axis(row=0, col=3, x_label=None, y_label=None, title='Er', show_grid=True, show_legend=False, legend_position='best', x_scale='linear', y_scale='linear', x_limits=None, y_limits=None, equal_limits=False, projection=None, font_size=16, tick_size=14, y_tick_position='left', x_tick_position='bottom', show_ticks=True, show_colorbar=True, legend_font_size=14, line_width=None, line_style=None, x_scale_factor=None, y_scale_factor=None, aspect_ratio='equal', _artist_list=[Mesh(scalar=array([[-0.01733142, -0.02183062, -0.0273756 , ..., -0.0273756 ,
            -0.02183062, -0.01733142],
           [-0.02093957, -0.02652109, -0.03344573, ..., -0.03344573,
            -0.02652109, -0.02093957],
           [-0.02514086, -0.03202251, -0.04061863, ..., -0.04061863,
            -0.03202251, -0.02514086],
           ...,
           [ 0.02514086,  0.03202251,  0.04061863, ...,  0.04061863,
             0.03202251,  0.02514086],
           [ 0.02093957,  0.02652109,  0.03344573, ...,  0.03344573,
             0.02652109,  0.02093957],
           [ 0.01733142,  0.02183062,  0.0273756 , ...,  0.0273756 ,
             0.02183062,  0.01733142]]), x=array([ 0,  1,  2,  3,  4,  5,  6,  7,  8,  9, 10, 11, 12, 13, 14, 15, 16,
           17, 18, 19, 20, 21, 22, 23, 24, 25, 26, 27, 28, 29, 30, 31, 32, 33,
           34, 35, 36, 37, 38, 39, 40, 41, 42, 43, 44, 45, 46, 47, 48, 49]), y=array([ 0,  1,  2,  3,  4,  5,  6,  7,  8,  9, 10, 11, 12, 13, 14, 15, 16,
           17, 18, 19, 20, 21, 22, 23, 24, 25, 26, 27, 28, 29, 30, 31, 32, 33,
           34, 35, 36, 37, 38, 39, 40, 41, 42, 43, 44, 45, 46, 47, 48, 49]), x_scale_factor=1, y_scale_factor=1, layer_position=1, mappable=<matplotlib.collections.QuadMesh object at 0x17e7e0810>), Mesh(scalar=array([[-0.01733142, -0.02183062, -0.0273756 , ..., -0.0273756 ,
            -0.02183062, -0.01733142],
           [-0.02093957, -0.02652109, -0.03344573, ..., -0.03344573,
            -0.02652109, -0.02093957],
           [-0.02514086, -0.03202251, -0.04061863, ..., -0.04061863,
            -0.03202251, -0.02514086],
           ...,
           [ 0.02514086,  0.03202251,  0.04061863, ...,  0.04061863,
             0.03202251,  0.02514086],
           [ 0.02093957,  0.02652109,  0.03344573, ...,  0.03344573,
             0.02652109,  0.02093957],
           [ 0.01733142,  0.02183062,  0.0273756 , ...,  0.0273756 ,
             0.02183062,  0.01733142]]), x=array([ 0,  1,  2,  3,  4,  5,  6,  7,  8,  9, 10, 11, 12, 13, 14, 15, 16,
           17, 18, 19, 20, 21, 22, 23, 24, 25, 26, 27, 28, 29, 30, 31, 32, 33,
           34, 35, 36, 37, 38, 39, 40, 41, 42, 43, 44, 45, 46, 47, 48, 49]), y=array([ 0,  1,  2,  3,  4,  5,  6,  7,  8,  9, 10, 11, 12, 13, 14, 15, 16,
           17, 18, 19, 20, 21, 22, 23, 24, 25, 26, 27, 28, 29, 30, 31, 32, 33,
           34, 35, 36, 37, 38, 39, 40, 41, 42, 43, 44, 45, 46, 47, 48, 49]), x_scale_factor=1, y_scale_factor=1, layer_position=1, mappable=<matplotlib.collections.QuadMesh object at 0x17e7e0810>)], mpl_ax=<Axes: title={'center': 'Er'}>, colorbar=Colorbar(artist=Mesh(scalar=array([[-0.01733142, -0.02183062, -0.0273756 , ..., -0.0273756 ,
            -0.02183062, -0.01733142],
           [-0.02093957, -0.02652109, -0.03344573, ..., -0.03344573,
            -0.02652109, -0.02093957],
           [-0.02514086, -0.03202251, -0.04061863, ..., -0.04061863,
            -0.03202251, -0.02514086],
           ...,
           [ 0.02514086,  0.03202251,  0.04061863, ...,  0.04061863,
             0.03202251,  0.02514086],
           [ 0.02093957,  0.02652109,  0.03344573, ...,  0.03344573,
             0.02652109,  0.02093957],
           [ 0.01733142,  0.02183062,  0.0273756 , ...,  0.0273756 ,
             0.02183062,  0.01733142]]), x=array([ 0,  1,  2,  3,  4,  5,  6,  7,  8,  9, 10, 11, 12, 13, 14, 15, 16,
           17, 18, 19, 20, 21, 22, 23, 24, 25, 26, 27, 28, 29, 30, 31, 32, 33,
           34, 35, 36, 37, 38, 39, 40, 41, 42, 43, 44, 45, 46, 47, 48, 49]), y=array([ 0,  1,  2,  3,  4,  5,  6,  7,  8,  9, 10, 11, 12, 13, 14, 15, 16,
           17, 18, 19, 20, 21, 22, 23, 24, 25, 26, 27, 28, 29, 30, 31, 32, 33,
           34, 35, 36, 37, 38, 39, 40, 41, 42, 43, 44, 45, 46, 47, 48, 49]), x_scale_factor=1, y_scale_factor=1, layer_position=1, mappable=<matplotlib.collections.QuadMesh object at 0x17e7e0810>), discreet=False, position='right', colormap=<matplotlib.colors.LinearSegmentedColormap object at 0x115c76bd0>, orientation='vertical', symmetric=True, log_norm=False, numeric_format=None, n_ticks=None, label_size=None, width='10%', padding=0.1, norm=<matplotlib.colors.CenteredNorm object at 0x17dde1fd0>, label='', mappable=<matplotlib.cm.ScalarMappable object at 0x17e072690>)), Axis(row=0, col=4, x_label=None, y_label=None, title='Ephi', show_grid=True, show_legend=False, legend_position='best', x_scale='linear', y_scale='linear', x_limits=None, y_limits=None, equal_limits=False, projection=None, font_size=16, tick_size=14, y_tick_position='left', x_tick_position='bottom', show_ticks=True, show_colorbar=True, legend_font_size=14, line_width=None, line_style=None, x_scale_factor=None, y_scale_factor=None, aspect_ratio='equal', _artist_list=[Mesh(scalar=array([[ 0.01722016,  0.02080464,  0.02497824, ..., -0.02497824,
            -0.02080464, -0.01722016],
           [ 0.02168995,  0.02634952,  0.0318145 , ..., -0.0318145 ,
            -0.02634952, -0.02168995],
           [ 0.02719853,  0.03322848,  0.04035365, ..., -0.04035365,
            -0.03322848, -0.02719853],
           ...,
           [ 0.02719853,  0.03322848,  0.04035365, ..., -0.04035365,
            -0.03322848, -0.02719853],
           [ 0.02168995,  0.02634952,  0.0318145 , ..., -0.0318145 ,
            -0.02634952, -0.02168995],
           [ 0.01722016,  0.02080464,  0.02497824, ..., -0.02497824,
            -0.02080464, -0.01722016]]), x=array([ 0,  1,  2,  3,  4,  5,  6,  7,  8,  9, 10, 11, 12, 13, 14, 15, 16,
           17, 18, 19, 20, 21, 22, 23, 24, 25, 26, 27, 28, 29, 30, 31, 32, 33,
           34, 35, 36, 37, 38, 39, 40, 41, 42, 43, 44, 45, 46, 47, 48, 49]), y=array([ 0,  1,  2,  3,  4,  5,  6,  7,  8,  9, 10, 11, 12, 13, 14, 15, 16,
           17, 18, 19, 20, 21, 22, 23, 24, 25, 26, 27, 28, 29, 30, 31, 32, 33,
           34, 35, 36, 37, 38, 39, 40, 41, 42, 43, 44, 45, 46, 47, 48, 49]), x_scale_factor=1, y_scale_factor=1, layer_position=1, mappable=<matplotlib.collections.QuadMesh object at 0x17e8ebe90>), Mesh(scalar=array([[ 0.01722016,  0.02080464,  0.02497824, ..., -0.02497824,
            -0.02080464, -0.01722016],
           [ 0.02168995,  0.02634952,  0.0318145 , ..., -0.0318145 ,
            -0.02634952, -0.02168995],
           [ 0.02719853,  0.03322848,  0.04035365, ..., -0.04035365,
            -0.03322848, -0.02719853],
           ...,
           [ 0.02719853,  0.03322848,  0.04035365, ..., -0.04035365,
            -0.03322848, -0.02719853],
           [ 0.02168995,  0.02634952,  0.0318145 , ..., -0.0318145 ,
            -0.02634952, -0.02168995],
           [ 0.01722016,  0.02080464,  0.02497824, ..., -0.02497824,
            -0.02080464, -0.01722016]]), x=array([ 0,  1,  2,  3,  4,  5,  6,  7,  8,  9, 10, 11, 12, 13, 14, 15, 16,
           17, 18, 19, 20, 21, 22, 23, 24, 25, 26, 27, 28, 29, 30, 31, 32, 33,
           34, 35, 36, 37, 38, 39, 40, 41, 42, 43, 44, 45, 46, 47, 48, 49]), y=array([ 0,  1,  2,  3,  4,  5,  6,  7,  8,  9, 10, 11, 12, 13, 14, 15, 16,
           17, 18, 19, 20, 21, 22, 23, 24, 25, 26, 27, 28, 29, 30, 31, 32, 33,
           34, 35, 36, 37, 38, 39, 40, 41, 42, 43, 44, 45, 46, 47, 48, 49]), x_scale_factor=1, y_scale_factor=1, layer_position=1, mappable=<matplotlib.collections.QuadMesh object at 0x17e8ebe90>)], mpl_ax=<Axes: title={'center': 'Ephi'}>, colorbar=Colorbar(artist=Mesh(scalar=array([[ 0.01722016,  0.02080464,  0.02497824, ..., -0.02497824,
            -0.02080464, -0.01722016],
           [ 0.02168995,  0.02634952,  0.0318145 , ..., -0.0318145 ,
            -0.02634952, -0.02168995],
           [ 0.02719853,  0.03322848,  0.04035365, ..., -0.04035365,
            -0.03322848, -0.02719853],
           ...,
           [ 0.02719853,  0.03322848,  0.04035365, ..., -0.04035365,
            -0.03322848, -0.02719853],
           [ 0.02168995,  0.02634952,  0.0318145 , ..., -0.0318145 ,
            -0.02634952, -0.02168995],
           [ 0.01722016,  0.02080464,  0.02497824, ..., -0.02497824,
            -0.02080464, -0.01722016]]), x=array([ 0,  1,  2,  3,  4,  5,  6,  7,  8,  9, 10, 11, 12, 13, 14, 15, 16,
           17, 18, 19, 20, 21, 22, 23, 24, 25, 26, 27, 28, 29, 30, 31, 32, 33,
           34, 35, 36, 37, 38, 39, 40, 41, 42, 43, 44, 45, 46, 47, 48, 49]), y=array([ 0,  1,  2,  3,  4,  5,  6,  7,  8,  9, 10, 11, 12, 13, 14, 15, 16,
           17, 18, 19, 20, 21, 22, 23, 24, 25, 26, 27, 28, 29, 30, 31, 32, 33,
           34, 35, 36, 37, 38, 39, 40, 41, 42, 43, 44, 45, 46, 47, 48, 49]), x_scale_factor=1, y_scale_factor=1, layer_position=1, mappable=<matplotlib.collections.QuadMesh object at 0x17e8ebe90>), discreet=False, position='right', colormap=<matplotlib.colors.LinearSegmentedColormap object at 0x115c76bd0>, orientation='vertical', symmetric=True, log_norm=False, numeric_format=None, n_ticks=None, label_size=None, width='10%', padding=0.1, norm=<matplotlib.colors.CenteredNorm object at 0x17e072f50>, label='', mappable=<matplotlib.cm.ScalarMappable object at 0x17e073b90>))], _mpl_figure=<Figure size 2000x400 with 10 Axes>, mpl_axis_generated=False, axis_generated=True, ax_orientation='horizontal')




.. rst-class:: sphx-glr-timing

   **Total running time of the script:** (1 minutes 0.993 seconds)


.. _sphx_glr_download_gallery_plot_DCF_fields.py:

.. only:: html

  .. container:: sphx-glr-footer sphx-glr-footer-example




    .. container:: sphx-glr-download sphx-glr-download-python

      :download:`Download Python source code: plot_DCF_fields.py <plot_DCF_fields.py>`

    .. container:: sphx-glr-download sphx-glr-download-jupyter

      :download:`Download Jupyter notebook: plot_DCF_fields.ipynb <plot_DCF_fields.ipynb>`


.. only:: html

 .. rst-class:: sphx-glr-signature

    `Gallery generated by Sphinx-Gallery <https://sphinx-gallery.github.io>`_
